 232
 250
 292
  23
 449
 650
 244
 294
 615
 345
 146
 537
 651
 466
 253
 576
 365
 410
 578
  88
 369
 256
 601
 708
 212
 557
 223
 680
  28
 599
 469
 643
 668
 350
  17
 425
 500
 316
 610
 160
 147
 190
 309
 315
 478
 224
 392
  36
  40
 389
 179
 635
 424
 660
 213
 647
 597
 281
 404
 381
 169
  18
 465
 518
 204
 391
 298
 215
 210
  74
 297
 697
  92
 704
 609
  97
 318
 251
 616
 716
 548
 145
 712
 686
 260
  80
 335
 574
  21
  25
 113
 665
 395
 374
 195
 459
 653
 218
 110
 342
 150
 276
 509
 640
 437
 272
 376
 207
 452
 166
 715
 188
  15
 566
 626
 175
 119
 159
 156
 343
 149
 632
  10
 320
 464
 491
 155
 621
 235
 590
 474
 636
 508
 202
   3
 255
 551
 225
 529
 203
  37
 674
 629
 137
 118
 583
 336
 473
 514
 718
 450
 656
  73
 134
 409
 513
 173
 198
 125
 378
 532
 332
 208
 543
 681
  26
 152
 528
  42
   9
 662
 366
 555
 132
 201
 328
 217
 567
 670
 565
 661
 130
 383
 505
 338
 526
 552
  94
 331
 361
 430
 259
 558
 585
 277
 591
 306
 699
  13
 504
 456
 326
   1
 109
 713
 230
 440
 364
 144
 341
  38
 461
 695
 569
 141
 310
 330
 677
 594
  76
 373
  78
 573
  19
 311
 375
 367
 671
 396
 200
  48
  39
 561
  75
  71
 490
  22
 249
 291
  99
 596
 587
 453
 104
 457
 384
 327
 371
 287
 312
  84
 127
 493
  53
 641
 483
 231
 348
 209
 705
 186
 706
 623
 580
 126
  57
 506
 488
 211
 471
 550
 226
 164
 498
 446
 388
 495
  32
 399
 638
  98
 494
 608
 503
 114
 682
 486
  45
 633
 679
 181
 714
 240
 664
 301
  58
 220
 140
 673
 515
 403
 120
  64
 307
 283
 620
 575
 477
 285
 512
 476
 360
 194
 710
 525
 248
 229
 187
 496
 481
 663
 439
 431
 322
 443
 426
 299
 568
 405
 163
 516
 142
  51
 684
  69
 349
 222
  52
 433
 639
 372
 417
  79
  82
  41
 386
 502
 123
 158
 666
 489
 472
 445
 100
 649
 382
 657
 289
 482
 685
 274
 527
 602
 333
 278
 572
   7
 362
 530
 172
 631
 624
 246
 480
 280
 536
 625
 139
 521
 304
 295
 270
 334
 700
 205
 462
 582
 111
 586
 492
 691
 484
 398
   8
 236
  59
 487
  61
 247
  62
 687
 678
 592
 128
 302
 263
 279
 630
 523
 234
 499
 571
 517
   4
 258
 719
  86
 206
 293
  95
 183
 122
  77
 339
 693
 116
 245
 385
 606
  66
 157
 189
 288
 394
  63
 242
 554
  55
 347
 185
  44
 353
 268
 444
 243
 588
 637
 103
  12
 228
 191
 178
  60
 416
 475
 692
  14
 284
 612
 352
 197
 628
 411
 458
 711
 305
 645
  85
 497
 380
 254
  27
 720
 107
 605
 709
 423
 269
  33
  87
 519
 696
 262
 397
  16
 644
 170
 143
 448
 257
 438
 507
  93
  90
  29
 694
 406
  24
 355
 129
