 171
1117
 153
 755
 895
 868
 595
 708
 330
 951
1260
  30
1035
 735
 234
 257
  19
 278
 886
 559
 607
 602
1251
 596
 430
 982
 821
 536
1016
 321
  83
1019
  61
1201
1061
 523
1008
 941
  95
 681
  69
 124
 726
 296
 591
 727
1146
 920
 718
 719
 180
1197
1062
1274
 983
 864
 579
 151
 530
 976
 865
 866
 154
 802
 847
 126
  90
 493
 957
  34
 907
 298
 950
 306
1112
1026
 585
 593
 574
1181
  26
 369
 571
 170
 348
 495
 516
 206
 413
 293
1063
  38
1250
1271
 403
1282
 770
1206
 227
 521
 959
1204
1264
 942
1223
 809
1266
1222
 882
1178
 243
 173
 379
 654
 745
 400
 635
1270
 487
 962
 133
  92
  63
  50
1088
 146
 377
 115
1185
 316
1010
1278
 118
  16
 747
1031
1115
  81
1211
 974
1279
 876
1207
 281
 787
 838
  53
 181
 841
 944
 372
 996
1261
 331
 914
  42
1037
 956
   6
 922
1252
 988
 980
 890
 626
 939
1283
1022
 328
 927
1014
  66
 967
1262
1184
 356
 916
 693
1005
 814
 300
1004
 973
1017
1108
1055
 264
 610
 451
  78
1220
 322
  13
 198
 600
 305
 195
1048
1156
 177
 648
 669
 570
 502
 788
1205
 544
  71
 158
1120
  27
 662
 964
 159
 871
 127
 332
 208
 947
  44
 389
 329
1042
1136
  18
1281
 417
 550
 117
 385
1047
  14
 467
 142
 873
 757
 897
1269
  59
1046
1142
 374
 397
 603
 583
1245
 580
 813
 663
 213
1168
 945
 209
 480
 577
 975
 367
 437
 902
1253
 410
 612
 599
 238
 878
1227
 993
1190
 310
1087
 608
  74
 325
 163
1128
 326
1246
 102
 246
1081
 113
 247
  64
 949
 562
 919
 597
 425
  28
 380
1003
1118
 509
 683
 119
 465
 532
 497
 286
 932
1097
1033
 292
 623
1158
 609
 503
  37
1021
 482
 336
 743
1234
 565
1166
   0
 760
1177
  55
1217
 260
1076
   3
 771
 241
 137
 135
1287
 898
  54
 831
 411
1257
1114
 294
1103
 420
 568
 175
 855
 923
1135
1203
1193
 218
 424
 463
  73
 196
 506
 762
1072
 355
 203
 659
1169
 100
  24
1129
  29
1038
  43
1152
 875
1119
 839
 931
 259
 166
 815
 758
1243
 236
1111
 143
1180
1186
1082
 168
1089
 216
 505
 970
 323
1143
 456
1070
 830
  84
 891
 378
1121
1192
 977
 994
 893
 969
 376
 412
 584
 450
1226
 958
 187
 434
 301
 460
1194
 476
1134
 656
1099
 638
1249
 106
1013
 295
 674
 438
 457
 581
1284
 210
1032
 308
 899
 244
 104
  86
1094
 706
1154
  46
 161
 226
 156
 239
 242
 702
 869
 197
 675
 604
 176
 867
  99
 921
 479
 449
 360
 688
 845
 358
 971
  48
 138
 364
 589
 853
  47
 362
 375
 491
 273
1233
 888
1147
 258
1044
   5
1202
 263
 120
1122
 872
 338
1198
 130
 572
 186
  22
1002
 488
 432
 261
 428
 879
 395
 561
  89
  10
1288
1196
1258
 904
 357
  96
 277
 552
1221
